Filename: n5delta1212spd / run at Thu Jan 23 19:45:53 CET 2014
fails: 10 / suboptimals: 0
Time horizon: 10numberOfPlants=5
seed=1337
deltaPenalties=1.2
deltaViolation=1.2
numberOfRuns=50
dominanceProperty=0
so1;v1;so0;v0;vc0;so2;vdiff;vc2;p2;vc1;p1;p0;v2;vcrel1;vcrel0;vcrel2;pra1;pra2;pdiff;pra0;
0.0;8594.55979038963;0.0;7162.133158658038;68.0;0.0;1.0476602767520307;54.0;104.0;43.0;87.0;121.0;7503.4824071345765;0.30714285714285716;0.4857142857142857;0.38571428571428573;3.4186046511627906;3.1296296296296298;0.859504132231405;2.823529411764706;
0.0;5401.553790866628;0.0;4501.294825722183;106.0;0.0;1.0;112.0;231.0;94.0;193.0;221.0;4501.294825722183;0.5875;0.6625;0.7;2.7127659574468086;2.5357142857142856;1.0452488687782806;2.6226415094339623;
0.0;2278.971633024104;0.0;1899.143027520071;128.0;0.0;1.0000656476291478;63.0;110.0;51.0;92.0;214.0;1899.2677017572405;0.3;0.7529411764705882;0.37058823529411766;2.843137254901961;2.6825396825396823;0.514018691588785;2.46875;
0.0;1536.1850527222791;0.0;1401.9587380436096;97.0;0.0;1.0000000000000002;48.0;108.0;38.0;90.0;207.0;1401.9587380436099;0.25333333333333335;0.6466666666666666;0.32;3.289473684210526;2.9375;0.5217391304347826;2.6597938144329896;
0.0;198.2525641319478;0.0;165.21047010997177;92.0;0.0;1.0;17.0;57.0;14.0;49.0;220.0;165.21047010997177;0.1;0.6571428571428571;0.12142857142857143;4.785714285714286;4.294117647058823;0.2590909090909091;2.5869565217391304;
0.0;1737.2906265272454;0.0;1447.7421887726882;94.0;0.0;1.0000000000000018;46.0;103.0;34.0;86.0;201.0;1447.742188772691;0.22666666666666666;0.6266666666666667;0.30666666666666664;3.264705882352941;2.891304347826087;0.5124378109452736;2.6595744680851063;
0.0;11824.52991146454;0.0;9853.774926220449;103.0;0.0;1.0155321092467582;79.0;181.0;62.0;151.0;235.0;10006.824834867472;0.3875;0.64375;0.49375;3.2419354838709675;2.949367088607595;0.7702127659574468;2.6893203883495147;
0.0;3037.20776467544;0.0;2531.0064705628715;92.0;0.0;0.9999999999999986;27.0;68.0;19.0;58.0;196.0;2531.006470562868;0.12666666666666668;0.6133333333333333;0.18;4.315789473684211;3.4814814814814814;0.3469387755102041;2.619565217391304;
0.0;1336.5403819992416;0.0;1113.7836516660427;80.0;0.0;1.0049710500129296;30.0;78.0;23.0;65.0;172.0;1119.320325902058;0.16428571428571428;0.5714285714285714;0.21428571428571427;4.0;3.566666666666667;0.45348837209302323;2.55;
0.0;8110.795978348146;0.0;6758.996648623446;102.0;0.0;1.0935503128738597;74.0;168.99999999999972;60.0;141.0;225.0;7391.302899815539;0.4;0.68;0.49333333333333335;2.966666666666667;2.7162162162162162;0.7511111111111098;2.411764705882353;
0.0;3677.1918150854317;0.0;3064.3265125711773;131.0;0.0;1.0200271277560542;96.0;213.00000000000017;81.0;179.0;285.0;3125.696171124704;0.4764705882352941;0.7705882352941177;0.5647058823529412;2.432098765432099;2.3333333333333335;0.7473684210526321;2.1526717557251906;
0.0;6331.676030289329;0.0;5276.396691907759;91.0;0.0;1.0631373496238143;49.0;106.0;39.0;89.0;175.0;5609.534394598677;0.26;0.6066666666666667;0.32666666666666666;3.1538461538461537;2.857142857142857;0.6057142857142858;2.32967032967033;
0.0;2993.9674440947238;0.0;2494.9728700789206;83.0;0.0;1.0434379416685287;36.0;97.0;30.0;81.0;181.0;2603.3493560739703;0.2;0.5533333333333333;0.24;3.3;3.0833333333333335;0.5359116022099447;2.36144578313253;
0.0;4711.239500505789;0.0;3926.032917088161;109.0;0.0;1.0481244909833722;69.0;138.0;58.0;115.0;218.0;4114.971252806993;0.3411764705882353;0.6411764705882353;0.40588235294117647;2.603448275862069;2.463768115942029;0.6330275229357798;2.2477064220183487;
0.0;3184.656568912479;0.0;2653.8804740937467;111.0;0.0;1.0686456319509061;46.0;124.0;37.0;104.0;263.0;2836.0577763600822;0.23125;0.69375;0.2875;3.2432432432432434;2.9347826086956523;0.4714828897338403;2.315315315315315;
0.0;9896.772313436206;0.0;8247.310261196839;84.0;0.0;1.0500824181873418;56.0;98.0;45.0;82.0;136.0;8660.355502618855;0.3;0.56;0.37333333333333335;2.933333333333333;2.732142857142857;0.7205882352941176;2.4166666666666665;
0.0;946.7772222493027;0.0;788.981018541072;114.0;0.0;1.0000000000000007;41.0;93.0;32.0;78.0;223.0;788.9810185410724;0.2;0.7125;0.25625;3.25;2.8780487804878048;0.4170403587443946;2.4210526315789473;
0.0;6652.071825277102;0.0;5543.393187730922;120.0;0.0;1.0222321109309334;70.0;136.0;53.0;114.0;219.0;5666.634520014337;0.31176470588235294;0.7058823529411765;0.4117647058823529;2.7735849056603774;2.4857142857142858;0.6210045662100456;2.25;
0.0;4080.1713673724953;0.0;3400.1428061437523;69.0;0.0;1.0722954349839011;63.0;159.0;51.0;133.0;168.0;3645.9576093212972;0.36428571428571427;0.4928571428571429;0.45;3.5098039215686274;3.1746031746031744;0.9464285714285714;3.0144927536231885;
0.0;427.0904233764586;0.0;355.9086861470496;124.0;0.0;0.9999999999999987;26.0;75.0;20.0;64.0;287.0;355.90868614704914;0.125;0.775;0.1625;3.95;3.3846153846153846;0.2613240418118467;2.2580645161290325;
0.0;1736.334465819647;0.0;1446.9453881830464;110.0;0.0;1.0328212181173337;55.0;120.99999999999999;42.0;101.0;215.0;1494.4358983724724;0.2625;0.6875;0.34375;3.119047619047619;2.8181818181818183;0.5627906976744186;2.4272727272727272;
0.0;353.8710964696221;0.0;294.8925803913561;49.0;0.0;1.0124562960214736;24.0;50.999999999999986;18.0;43.0;93.0;298.565849667247;0.13846153846153847;0.3769230769230769;0.18461538461538463;4.388888888888889;3.625;0.5483870967741934;3.061224489795918;
0.0;1264.480400562716;0.0;1053.7336671355993;75.0;0.0;1.0013092644541777;42.0;92.0;32.0;77.0;163.0;1055.1132831701502;0.21333333333333335;0.5;0.28;3.28125;2.857142857142857;0.5644171779141104;2.6533333333333333;
0.0;5202.846923564087;0.0;4335.70576963675;118.0;0.0;1.015261481094377;60.0;145.99999999999991;52.0;122.0;260.0;4401.875061270843;0.325;0.7375;0.375;2.5;2.533333333333333;0.5615384615384612;2.3135593220338984;
0.0;3823.1164948781034;0.0;3185.9304123984075;69.0;0.0;1.0071788264125414;31.0;80.0;24.0;67.0;154.0;3208.8016537914523;0.17142857142857143;0.4928571428571429;0.22142857142857142;3.9166666666666665;3.3870967741935485;0.5194805194805194;2.6666666666666665;
0.0;5205.475776918833;0.0;4337.896480765694;114.0;0.0;1.0321375684310135;68.0;158.0;58.0;132.0;248.00000000000028;4477.305925762954;0.3625;0.7125;0.425;2.4310344827586206;2.3676470588235294;0.6370967741935477;2.254385964912281;
0.0;4359.456624536314;0.0;3632.8805204469095;90.0;0.0;1.026577136335884;46.0;120.0;37.0;100.0;216.0;3729.4320813308045;0.24666666666666667;0.6;0.30666666666666664;3.108108108108108;2.8260869565217392;0.5555555555555556;2.4444444444444446;
0.0;15467.00671818863;0.0;13184.425704437408;122.0;0.0;1.0265922528252525;64.0;111.0;51.0;93.0;195.0;13535.029286125566;0.3;0.7176470588235294;0.3764705882352941;2.9019607843137254;2.671875;0.5692307692307692;2.30327868852459;
0.0;3398.970788869214;0.0;2832.475657391028;90.0;0.0;1.0030786246150503;54.0;124.0;44.0;104.0;183.9999999999998;2841.195786671403;0.29333333333333333;0.6;0.36;2.8636363636363638;2.6666666666666665;0.6739130434782616;2.488888888888889;
0.0;3521.7916628249095;0.0;2934.826385687439;73.0;0.0;0.9999999999999997;49.0;108.99999999999999;37.0;91.0;158.0;2934.8263856874382;0.2642857142857143;0.5214285714285715;0.35;3.1621621621621623;2.857142857142857;0.6898734177215189;2.6301369863013697;
0.0;422.1954285016641;0.0;351.8295237513739;128.0;0.0;1.0000000000000013;63.0;150.0;47.0;125.0;268.0;351.8295237513744;0.29375;0.8;0.39375;3.0;2.7142857142857144;0.5597014925373134;2.3984375;
0.0;1359.594290173054;0.0;1132.9952418108655;124.0;0.0;1.0;82.0;179.99999999999997;66.0;150.0;260.0;1132.9952418108655;0.38823529411764707;0.7294117647058823;0.4823529411764706;2.393939393939394;2.3292682926829267;0.6923076923076922;2.1774193548387095;
0.0;1212.2007373951665;0.0;1010.1672811626295;109.0;0.0;0.9999999999999996;100.0;228.99999999999994;83.0;190.99999999989564;243.0;1010.167281162629;0.51875;0.68125;0.625;2.8795180722891565;2.69;0.94238683127572;2.596330275229358;
0.0;3450.6887829616917;0.0;2875.573985801397;84.0;0.0;1.0183953346284007;52.0;123.0;42.0;103.0;195.0;2928.471131518938;0.28;0.56;0.3466666666666667;3.0714285714285716;2.826923076923077;0.6307692307692307;2.5952380952380953;
0.0;635.8520975430586;0.0;529.8767479525379;150.0;0.0;0.9999999999999996;78.0;191.0;65.0;161.0;346.0;529.8767479525377;0.38235294117647056;0.8823529411764706;0.4588235294117647;2.523076923076923;2.3974358974358974;0.5520231213872833;2.2266666666666666;
0.0;3826.2964840866653;0.0;3188.580403405538;92.0;0.0;1.006723666704946;59.0;136.0;49.0;114.0;198.0;3210.0193552999594;0.32666666666666666;0.6133333333333333;0.3933333333333333;2.7755102040816326;2.6271186440677967;0.6868686868686869;2.3260869565217392;
0.0;7182.685027587486;0.0;6078.366532824724;90.0;0.0;1.01835801819813;34.0;92.0;27.0;77.0;200.0;6189.953296249225;0.18;0.6;0.22666666666666666;3.6666666666666665;3.264705882352941;0.46;2.522222222222222;
0.0;294.65024924595673;0.0;245.541874371635;111.0;0.0;0.9999999999999981;43.0;108.0;32.0;90.0;242.0;245.54187437163455;0.2;0.69375;0.26875;3.34375;2.9767441860465116;0.4462809917355372;2.5225225225225225;
0.0;9433.450288073635;0.0;7861.208573394688;86.0;0.0;1.0360721235473955;46.0;84.0;37.0;70.0;151.0000000000004;8144.779060286027;0.24666666666666667;0.5733333333333334;0.30666666666666664;3.054054054054054;2.891304347826087;0.5562913907284753;2.63953488372093;
0.0;7219.7403430415625;0.0;6016.450285867971;86.0;0.0;1.1046204978869845;31.0;74.99999999999996;24.0;63.0;183.0;6645.894310287767;0.16;0.5733333333333334;0.20666666666666667;3.7916666666666665;3.3548387096774195;0.4098360655737703;2.63953488372093;
;;;;;;;;;;;;;;;;;;;;
