Filename: n5delta1312 / run at Thu Jan 23 12:22:18 CET 2014
fails: 17 / suboptimals: 0
Time horizon: 10numberOfPlants=5
seed=1337
deltaPenalties=1.3
deltaViolation=1.2
numberOfRuns=50
dominanceProperty=0
so1;v1;so0;v0;vc0;so2;vdiff;vc2;p2;vc1;p1;p0;v2;pra1;pra2;pdiff;pra0;
0.0;1317.9493160751836;0.0;1098.2910967293074;74.0;0.0;1.0000000000000009;42.0;94.0;29.0;73.0;160.0;1098.2910967293083;0.7285714285714285;0.8428571428571429;0.5875;1.3714285714285714;
0.0;2214.6457333406356;0.0;1845.538111117182;85.0;0.0;1.0000000000000002;68.0;149.0;49.0;115.0;191.0;1845.5381111171823;1.1;1.32;0.7801047120418848;1.6133333333333333;
0.0;410.3237322839635;0.0;341.93644356997606;81.0;0.0;0.9999999999999987;42.0;103.0;30.0;81.0;173.0;341.9364435699756;0.6533333333333333;0.7933333333333333;0.5953757225433526;1.2466666666666666;
0.0;2513.9759443980993;0.0;2094.9799536650844;77.0;0.0;1.0000000000000002;52.0;92.0;37.0;71.0;135.0;2094.979953665085;0.7733333333333333;0.9533333333333334;0.6814814814814815;1.4;
0.0;441.5620022817609;0.0;367.96833523480745;117.0;0.0;0.9999999999999993;115.0;223.0;91.0;180.99999999999986;225.0;367.9683352348072;1.475;1.71875;0.9911111111111112;1.73125;
0.0;40.543525179992685;0.0;33.78627098334027;110.0;0.0;1.0000000000000135;58.0;126.0;40.0;97.0;228.0;33.78627098334073;0.7875;0.9625;0.5526315789473685;1.79375;
0.0;2475.41589852421;0.0;2062.846582103492;109.0;0.0;1.0;79.0;150.0;56.0;116.0;213.0;2062.846582103492;0.8823529411764706;1.1294117647058823;0.704225352112676;1.4588235294117646;
0.0;495.07456164527014;0.0;412.56213470439957;101.0;0.0;0.9999999999999994;65.0;149.99999999999997;48.0;116.0;226.0;412.56213470439934;0.9133333333333333;1.12;0.663716814159292;1.6933333333333334;
0.0;4768.51410671968;0.0;3973.7617555997176;124.0;0.0;1.0366629826675196;72.0;162.0;51.0;125.0;261.00000000000716;4119.451713970122;0.8235294117647058;1.0529411764705883;0.6206896551723967;1.6058823529411765;
0.0;4457.9836922619725;0.0;3714.986410218298;104.0;0.0;1.000000000000001;101.0;215.0;76.0;166.0;219.0;3714.986410218302;1.3875;1.69375;0.9817351598173516;1.73125;
0.0;3952.5225663416195;0.0;3293.7688052846834;120.0;0.0;1.0324590970529257;52.0;132.0;36.0;102.0;271.9999999999994;3400.681566605318;0.6470588235294118;0.8117647058823529;0.48529411764705993;1.5588235294117647;
0.0;4032.8096088397556;0.0;3360.6746740331305;118.0;0.0;1.0016812801231914;53.0;106.0;38.0;82.0;215.0;3366.324909563095;0.6647058823529411;0.8352941176470589;0.4930232558139535;1.535294117647059;
0.0;302.61970622495573;0.0;252.18308852079736;103.0;0.0;1.0000000000000109;40.0;102.00000000000004;33.0;79.0;215.0;252.18308852080008;0.74;0.92;0.474418604651163;1.76;
0.0;3910.4033976403175;0.0;3258.6694980335965;87.0;0.0;1.000000000000001;63.0;143.0;47.0;110.0;188.00000000000136;3258.6694980336;0.9;1.16;0.760638297872335;1.5666666666666667;
0.0;1931.7339692996748;0.0;1609.7783077497288;98.0;0.0;1.0014408874332443;46.0;83.0;33.0;64.0;158.0;1612.0978170836747;0.6625;0.81875;0.5253164556962026;1.4375;
0.0;1503.469415849635;0.0;1252.8911798746822;99.0;0.0;0.9999999999999989;58.0;120.99999999999996;41.0;95.0;196.0;1252.8911798746808;0.8133333333333334;0.9933333333333333;0.61734693877551;1.5933333333333333;
0.0;1029.848511610474;0.0;858.2070930087248;117.0;0.0;1.0000000000000042;55.0;123.0;41.0;97.0;260.0;858.2070930087284;0.775;0.9125;0.47307692307692306;1.75;
0.0;7840.601506780001;0.0;6533.834588983335;116.0;0.0;0.9999999999999996;118.0;238.0;92.0;197.0;235.0;6533.834588983333;1.5875;1.85625;1.0127659574468084;1.8375;
0.0;357.7631342026645;0.0;298.1359451688904;102.0;0.0;1.0069308514229125;48.0;104.0;33.0;80.0;206.0;300.20228110868555;0.65625;0.8125;0.5048543689320388;1.4125;
0.0;423.4630456704572;0.0;352.8858713920574;60.0;0.0;1.0;39.0;75.0;28.0;58.0;114.0;352.8858713920574;0.7071428571428572;0.8714285714285714;0.6578947368421053;1.3357142857142856;
0.0;2977.4807298585624;0.0;2481.233941548791;105.0;0.0;1.0000000000000007;50.0;132.0;38.0;103.0;249.0;2481.2339415487927;0.73125;0.86875;0.5301204819277109;1.475;
0.0;2004.536199799883;0.0;1670.4468331665698;142.0;0.0;1.0000000000000002;58.0;127.0;42.0;99.0;305.0;1670.4468331665703;0.7529411764705882;0.9235294117647059;0.4163934426229508;1.9705882352941178;
0.0;3729.8189064888456;0.0;3108.1824220740364;96.0;0.0;1.0000000000000009;71.0;146.0;55.0;112.99999999999595;186.00000000000043;3108.182422074039;0.93125;1.13125;0.784946236559138;1.44375;
0.0;227.3709437412267;0.0;189.47578645101248;84.0;0.0;0.9999999999999952;28.0;81.0;21.0;63.0;192.0;189.47578645101157;0.5642857142857143;0.6857142857142857;0.421875;1.4642857142857142;
0.0;356.1030310030501;0.0;296.7525258358653;98.0;0.0;0.9999999999999992;40.0;97.0;31.0;76.0;200.0;296.7525258358651;0.64375;0.7625;0.485;1.38125;
0.0;733.3568772489089;0.0;611.1307310407628;116.0;0.0;0.999999999999997;54.0;115.0;40.0;89.0;246.0;611.130731040761;0.7176470588235294;0.9;0.46747967479674796;1.7117647058823529;
0.0;49.85049500631567;0.0;41.542079171936166;113.0;0.0;0.999999999999989;51.0;124.0;37.0;96.0;241.0;41.54207917193571;0.6352941176470588;0.788235294117647;0.5145228215767634;1.4764705882352942;
0.0;2607.3405930285053;0.0;2172.7838275237573;107.0;0.0;0.9999999999999996;55.0;137.0;42.0;106.0;256.0;2172.7838275237564;0.78125;0.9625;0.53515625;1.7125;
0.0;1657.305438368486;0.0;1381.0878653070583;137.0;0.0;1.0;103.0;228.0;79.0;176.0;279.0;1381.0878653070583;1.2411764705882353;1.5705882352941176;0.8172043010752689;1.9411764705882353;
0.0;1821.8260748792923;0.0;1518.1883957327323;88.0;0.0;1.0000000000000002;65.0;131.0;47.0;102.0;182.0;1518.1883957327327;0.8933333333333333;1.1;0.7197802197802198;1.5266666666666666;
0.0;1720.0037227476037;0.0;1433.3364356230036;111.0;0.0;0.9999999999999993;55.0;121.0;44.0;94.0;240.0;1433.3364356230027;0.76875;0.95;0.5041666666666667;1.7375;
0.0;988.8841273113575;0.0;824.0701060928062;98.0;0.0;0.9999999999999992;62.0;139.0;48.0;107.0;213.0;824.0701060928055;0.81875;0.9875;0.6525821596244131;1.3875;
0.0;751.4999620678038;0.0;626.2499683898252;103.0;0.0;1.0;49.0;122.0;37.0;94.0;224.0;626.2499683898252;0.69375;0.8125;0.5446428571428571;1.43125;
;;;;;;;;;;;;;;;;;
